6367, 0, -1, 1, Pb, -0.000150859, 0.000174163, -0.000140752, 0.00042915, -0.000165684, 9.41866e-05, -1.00916e-05, 1.02622e-05, 1.26703e-05, 1.1573e-05 
6367, 1, -1, 1, Pb, 7.12668e-05, 0.000149113, 0.000598041, 0.00039992, 0.000137451, 9.49824e-05, 5.83965e-06, 1.04352e-05, -1.1357e-05, 1.21341e-05 
6367, 2, -1, 1, Pb, 0.000207721, 0.000166171, -0.000158309, 0.000410238, 8.13033e-05, 9.80985e-05, 7.87766e-06, 9.77714e-06, -1.41215e-05, 1.18153e-05 
6367, 3, -1, 1, Pb, -0.000256344, 0.000160753, 0.00048036, 0.000406035, 1.11447e-05, 9.5844e-05, -3.20621e-06, 9.18164e-06, -8.00547e-06, 1.1996e-05 
6367, 4, -1, 1, Pb, 0.000132041, 0.00016584, -7.9115e-05, 0.00041315, -0.000154671, 9.27807e-05, 6.25115e-06, 9.24487e-06, 2.54298e-06, 1.12214e-05 
6368, 0, -1, 1, Pb, 4.56582e-05, 0.00014774, -0.000240706, 0.000365151, -0.000132971, 8.55519e-05, 9.01103e-06, 8.51749e-06, -1.77015e-05, 1.07736e-05 
6369, 0, -1, 1, Pb, -0.000190964, 0.000156541, 0.000761763, 0.00039941, 0.000135156, 9.50717e-05, 2.1093e-06, 1.05947e-05, -2.62957e-05, 1.22443e-05 
6369, 1, -1, 1, Pb, 0.000105477, 0.000162042, 0.000240977, 0.000394232, -2.42243e-05, 0.000105474, -5.75349e-06, 1.21569e-05, -3.06607e-06, 1.26097e-05 
6369, 2, -1, 1, Pb, -3.54548e-05, 0.000167084, 0.000349716, 0.000433612, 7.24662e-05, 9.97048e-05, 5.27053e-06, 8.95502e-06, -2.05895e-05, 1.18226e-05 
6369, 3, -1, 1, Pb, 0.00014392, 0.000172353, 0.00025166, 0.000404404, 9.41621e-05, 0.000101953, 1.19018e-05, 9.12939e-06, -9.27061e-06, 1.22523e-05 
6369, 4, -1, 1, Pb, -2.09773e-05, 0.000121915, -0.000429296, 0.000299112, -8.67404e-05, 6.94505e-05, -2.27082e-06, 6.94555e-06, -4.07106e-06, 8.57261e-06 
6370, 0, -1, 1, Pb, 1.24654e-05, 0.000283969, -0.000560165, 0.000734067, 9.28334e-05, 0.000163109, -1.46472e-05, 1.39885e-05, -1.61722e-05, 1.75991e-05 
6371, 0, -1, 1, Pb, 0.000194611, 0.000158366, -0.000247524, 0.000407715, -7.43355e-05, 9.7194e-05, 5.13036e-07, 9.36506e-06, -7.2921e-06, 1.24192e-05 
6371, 1, -1, 1, Pb, -0.000127192, 0.000173121, 0.000778433, 0.000425764, 0.000141962, 9.95462e-05, 5.59335e-06, 9.60722e-06, -2.66324e-05, 1.1831e-05 
6371, 2, -1, 1, Pb, 0.000125594, 0.000169864, 0.000250241, 0.00041412, -3.05802e-05, 9.98764e-05, 1.28809e-05, 9.37616e-06, -2.84668e-05, 1.19086e-05 
6371, 3, -1, 1, Pb, 0.0001656, 0.000164101, 0.000309672, 0.000409352, -1.53698e-05, 9.91054e-05, -1.35843e-06, 9.28832e-06, 2.1932e-05, 1.23096e-05 
6371, 4, -1, 1, Pb, 0.000113113, 0.000171101, 0.000577826, 0.000408324, -8.56799e-05, 9.89865e-05, 1.04714e-05, 9.13536e-06, 4.57315e-06, 1.18328e-05 
6371, 5, -1, 1, Pb, -0.00015076, 0.000157299, 0.000370856, 0.000389543, -1.35252e-05, 0.000100187, -6.47276e-06, 9.27024e-06, -3.17243e-06, 1.20985e-05 
6372, 0, 1, 1, Pb, 4.18149e-05, 0.000165124, 0.00015157, 0.000428354, -9.87717e-05, 0.000102374, 6.94905e-06, 9.14113e-06, -1.07279e-05, 1.19598e-05 
6372, 1, 1, 1, Pb, 7.43849e-05, 0.00016249, 0.000401747, 0.000415452, 1.26511e-06, 0.000101485, -8.00724e-06, 9.58424e-06, -7.546e-06, 1.21052e-05 
6372, 2, 1, 1, Pb, -7.73184e-05, 0.000165425, -0.00028356, 0.000415425, -3.54902e-05, 0.000100251, -5.09421e-07, 9.6872e-06, 7.83889e-06, 1.23263e-05 
6372, 3, 1, 1, Pb, -6.87526e-05, 0.000169273, 0.000377044, 0.00040744, 5.6625e-05, 9.7596e-05, 1.21924e-05, 9.93234e-06, 6.51111e-06, 1.20336e-05 
6372, 4, 1, 1, Pb, 0.000108538, 0.000127157, 0.000107652, 0.000317427, -1.48073e-05, 7.76907e-05, 3.49902e-06, 8.17103e-06, -2.75175e-06, 9.61232e-06 
6373, 0, 1, 1, Pb, -6.99094e-05, 0.000166875, -7.97779e-05, 0.000407159, 6.19409e-05, 9.77283e-05, -1.01473e-05, 1.00625e-05, -1.2016e-05, 1.22796e-05 
6373, 1, 1, 1, Pb, -0.000223873, 0.000166273, -0.000426699, 0.000411905, -0.000150873, 9.94534e-05, -5.41665e-07, 1.01138e-05, 2.58332e-05, 1.21435e-05 
6373, 2, 1, 1, Pb, -3.64035e-05, 0.000164253, -0.000138039, 0.000405946, 4.12696e-05, 9.65359e-05, -4.86849e-06, 1.02376e-05, 1.74072e-05, 1.23368e-05 
6373, 3, 1, 1, Pb, -0.000131943, 0.000169448, 0.000521322, 0.000440242, 6.31437e-05, 0.000103728, -5.63063e-06, 1.14292e-05, 8.09907e-06, 1.23743e-05 
6373, 4, 1, 1, Pb, 0.000155052, 0.000165438, -0.000667248, 0.000411526, 0.000129887, 9.88813e-05, 3.73657e-06, 1.01556e-05, -2.15304e-06, 1.21771e-05 
6373, 5, 1, 1, Pb, -0.000231036, 0.000132509, -2.0532e-05, 0.000343736, 4.95848e-05, 7.98288e-05, -3.98738e-06, 7.59324e-06, -1.45659e-06, 9.6102e-06 
6374, 0, 1, 1, Pb, -0.00021725, 0.000167951, 0.000281856, 0.00043857, 2.58098e-05, 0.000101053, 8.05858e-07, 9.65423e-06, -1.11792e-05, 1.20739e-05 
6374, 1, 1, 1, Pb, 0.000135452, 0.000173616, 0.00027688, 0.000423999, -9.282e-05, 0.00010559, 6.05985e-06, 9.71927e-06, 6.10447e-06, 1.2567e-05 
6374, 2, 1, 1, Pb, 2.4248e-05, 0.00017953, -0.000420083, 0.000432538, 8.84052e-05, 0.00010224, -6.57249e-06, 9.71102e-06, -1.01925e-05, 1.23822e-05 
6374, 3, 1, 1, Pb, -4.16645e-05, 0.000181239, 0.000866822, 0.000422213, 0.000172835, 0.000102552, -8.2482e-06, 9.21052e-06, -8.47388e-06, 1.24357e-05 
6374, 4, 1, 1, Pb, 0.00021822, 0.000127315, -0.000649722, 0.000318567, -0.000121057, 7.75792e-05, 5.31783e-06, 7.10967e-06, 6.74931e-06, 9.37987e-06 
6375, 0, 1, 1, Pb, -6.97537e-05, 0.000166411, -0.000503649, 0.000421264, 7.98417e-05, 0.000104468, -1.52717e-06, 9.27588e-06, -1.25374e-05, 1.24482e-05 
6375, 1, 1, 1, Pb, -0.000116535, 0.000177201, -0.000610736, 0.000440877, -2.59692e-05, 0.000100762, 1.412e-06, 9.57426e-06, 4.11802e-06, 1.20988e-05 
6375, 2, 1, 1, Pb, 0.000424408, 0.000175296, -6.57036e-05, 0.00042149, 0.00015088, 0.000102583, -2.4944e-05, 1.00405e-05, -1.07192e-05, 1.24868e-05 
6375, 3, 1, 1, Pb, -8.42592e-05, 0.000173979, -5.84954e-05, 0.000457263, -3.06161e-05, 0.000103079, 1.06021e-05, 1.05579e-05, -1.70673e-05, 1.23059e-05 
6375, 4, 1, 1, Pb, -0.000106948, 0.0001341, 0.000191574, 0.000335898, 4.42584e-05, 7.89779e-05, -8.43655e-09, 8.36933e-06, -1.05648e-05, 9.6454e-06 
6376, 0, 1, 1, Pb, 2.38521e-05, 0.000177095, 0.000262519, 0.000458581, 9.87976e-05, 0.000102017, -1.51628e-05, 1.00526e-05, -1.12089e-06, 1.21369e-05 
6376, 1, 1, 1, Pb, -0.000154497, 0.000172284, 0.00042635, 0.00042451, -8.69948e-05, 9.96719e-05, 1.20047e-05, 9.84863e-06, 1.67217e-06, 1.22822e-05 
6376, 2, 1, 1, Pb, -0.000139511, 0.000180067, 6.48835e-05, 0.000464986, 0.000188309, 0.000106138, 5.62703e-06, 9.90281e-06, -1.95304e-06, 1.23602e-05 
6376, 3, 1, 1, Pb, 9.42729e-06, 0.000172184, -0.000819774, 0.0004243, -8.39816e-05, 0.000100109, -4.41984e-06, 9.86612e-06, 4.86283e-06, 1.25013e-05 
6376, 4, 1, 1, Pb, 5.67499e-05, 0.000151806, -0.000423677, 0.000376374, -0.000113951, 8.57808e-05, -1.43518e-05, 8.20801e-06, 1.84852e-05, 1.03351e-05 
6377, 0, -1, 1, Pb, 0.000224195, 0.000159525, -0.000137265, 0.000410452, -0.000122819, 0.000101475, -2.5641e-06, 9.22067e-06, 2.88455e-05, 1.24082e-05 
6377, 1, -1, 1, Pb, -0.000299262, 0.000163501, 0.00040723, 0.000430521, 7.87473e-05, 0.000104395, 4.12772e-06, 9.34402e-06, 7.48873e-07, 1.27144e-05 
6377, 2, -1, 1, Pb, 5.31383e-05, 0.000163419, -9.86964e-05, 0.000431734, 0.000108816, 0.000107259, -3.88337e-06, 9.30907e-06, -1.18422e-05, 1.27517e-05 
6377, 3, -1, 1, Pb, 5.05912e-05, 0.000171639, -0.000440934, 0.000428716, 0.000222481, 0.000102999, -1.48573e-06, 1.10651e-05, -8.10302e-06, 1.23147e-05 
6377, 4, -1, 1, Pb, 0.000130858, 0.000154886, 0.000143971, 0.000405137, 3.30769e-05, 9.50045e-05, -1.08728e-06, 8.68173e-06, 4.25153e-06, 1.11647e-05 
6378, 0, -1, 1, Pb, 0.000112729, 0.000164348, -0.000389306, 0.000461146, -0.000133467, 0.000104785, -1.05637e-05, 9.44639e-06, 9.92735e-06, 1.2204e-05 
6378, 1, -1, 1, Pb, -6.07616e-05, 0.000183074, -0.000232541, 0.000444841, -0.000159891, 0.000102075, 1.42292e-06, 9.3175e-06, 3.72298e-06, 1.20514e-05 
6378, 2, -1, 1, Pb, 8.07798e-05, 0.000168791, 0.000260627, 0.000412748, -1.97363e-05, 0.000100782, -8.35368e-06, 9.59196e-06, -1.1606e-05, 1.23009e-05 
6378, 3, -1, 1, Pb, 3.43277e-05, 0.000172074, 0.000153127, 0.000413407, -0.000145166, 0.000103242, -1.64154e-06, 9.34165e-06, 1.99987e-05, 1.2544e-05 
6378, 4, -1, 1, Pb, -0.000175356, 0.000169777, 0.00011058, 0.000421167, -0.000152514, 9.92702e-05, 4.84595e-06, 8.82501e-06, 1.51011e-05, 1.17705e-05 
6349, 0, 1, 1, 40, 2.86746e-05, 0.000142814, 1.83702e-05, 0.000413643, 0.000152613, 0.000111059, -4.47092e-06, 9.73898e-06, 1.46541e-05, 1.2147e-05 
6349, 1, 1, 1, 40, -3.81663e-05, 0.000134829, 0.000580444, 0.000399237, 0.000225923, 0.000101623, 1.80877e-06, 9.20408e-06, 8.7904e-06, 1.11306e-05 
6349, 2, 1, 1, 40, 0.000147753, 0.000141996, 0.000464432, 0.000411101, -1.82168e-05, 0.000105094, -6.23718e-06, 9.31101e-06, 1.12625e-05, 1.10063e-05 
6349, 3, 1, 1, 40, -5.76219e-06, 0.000150066, 0.000316682, 0.000409775, 7.21516e-05, 0.000106239, 1.35518e-05, 9.73233e-06, -1.0539e-05, 1.13232e-05 
6349, 4, 1, 1, 40, 0.000101444, 0.000114473, 0.000162369, 0.000337091, 6.27355e-06, 9.38807e-05, 6.33394e-07, 7.95286e-06, 1.53784e-05, 1.11083e-05 
6350, 0, 1, 1, 40, -3.089e-05, 0.000162142, -0.000138049, 0.000416739, 6.91785e-05, 0.000107173, -9.65474e-06, 9.74078e-06, -7.60829e-07, 1.16085e-05 
6350, 1, 1, 1, 40, -2.29892e-05, 0.000136786, 0.000563858, 0.000325524, 0.00016227, 8.67287e-05, 1.606e-06, 7.67406e-06, -8.59607e-06, 9.70293e-06 
6351, 0, -1, 1, 40, -0.000218076, 0.000146387, 0.000666415, 0.000408998, -1.06639e-06, 0.000104658, 9.21844e-06, 9.63811e-06, 5.46385e-06, 1.10773e-05 
6351, 1, -1, 1, 40, -0.000101043, 0.000135051, 2.19578e-05, 0.000386985, -0.00012237, 0.000104066, 4.8507e-06, 9.04122e-06, 2.49632e-06, 1.17915e-05 
6351, 2, -1, 1, 40, -2.89359e-06, 0.000119028, -0.000556359, 0.000323148, -7.40262e-05, 7.938e-05, -1.63586e-07, 7.13435e-06, -4.96759e-07, 8.83553e-06 
6352, 0, -1, 1, 40, -3.99804e-05, 0.000158866, -0.000732621, 0.000414737, 5.81303e-06, 0.000100225, -1.16434e-05, 9.58052e-06, 1.38415e-05, 1.11096e-05 
6352, 1, -1, 1, 40, -4.62282e-05, 0.000147431, 0.000815815, 0.000409114, -4.73074e-05, 0.000100735, 5.35483e-06, 9.33899e-06, 8.64844e-06, 1.09299e-05 
6352, 2, -1, 1, 40, -2.97975e-05, 0.000137836, -0.000324073, 0.000387571, 3.06135e-05, 9.75864e-05, 2.89745e-06, 8.80135e-06, 2.00613e-05, 1.11354e-05 
6352, 3, -1, 1, 40, 7.45589e-05, 0.000141317, -0.000270603, 0.000419039, 3.86242e-05, 0.000101727, -1.32104e-05, 9.2697e-06, -1.03133e-06, 1.09547e-05 
6352, 4, -1, 1, 40, -9.42335e-05, 0.00010322, 0.00017353, 0.000289732, 4.53045e-05, 7.09285e-05, -8.51303e-07, 6.20867e-06, -5.08561e-06, 7.98217e-06 
6394, 0, -1, 1, 40, -7.99467e-05, 0.000161608, 0.00012208, 0.000304665, -4.17267e-05, 9.79854e-05, 1.24935e-05, 1.18285e-05, 9.16407e-07, 1.23611e-05 
6394, 1, -1, 1, 40, 0.000146434, 0.000122644, 0.000181807, 0.000247659, -3.42149e-05, 8.48585e-05, 5.39178e-06, 9.2612e-06, 2.0721e-05, 1.01785e-05 
6395, 0, -1, 1, 40, 0.000174217, 0.000171858, 0.000103988, 0.000341918, -0.000101383, 0.000104317, -1.1657e-05, 1.2411e-05, 1.22056e-05, 1.31599e-05 
6395, 1, -1, 1, 40, 0.000252619, 0.000172368, -0.00019484, 0.000334317, -8.48447e-05, 0.000108545, -2.38745e-05, 1.23376e-05, 2.27622e-06, 1.3713e-05 
6395, 2, -1, 1, 40, 0.000257899, 0.000164772, -3.72185e-05, 0.000335038, -9.33706e-05, 0.000102575, -1.52355e-05, 1.20711e-05, 1.90221e-05, 1.301e-05 
6395, 3, -1, 1, 40, 7.19235e-05, 0.000166344, 9.9444e-06, 0.000345881, -9.54273e-05, 0.000103388, -1.80454e-05, 1.21467e-05, -2.56298e-06, 1.28107e-05 
6395, 4, -1, 1, 40, -0.000264192, 0.00016286, -8.74305e-05, 0.000327041, 6.76615e-05, 9.99836e-05, 3.06758e-05, 1.19657e-05, -1.2334e-05, 1.23688e-05 
6395, 5, -1, 1, 40, 0.000164782, 0.000149295, 0.00065097, 0.000305393, 2.42056e-05, 8.81404e-05, -6.86049e-06, 1.10013e-05, 6.32582e-06, 1.09899e-05 
6396, 0, -1, 1, 40, -6.2154e-05, 0.000170237, -0.000399019, 0.000352808, 8.47651e-05, 0.000104149, 1.68428e-05, 1.21107e-05, -6.9201e-06, 1.28215e-05 
6396, 1, -1, 1, 40, 0.000325319, 0.000173362, 0.000307188, 0.000344629, -0.000229222, 0.000100251, -1.05283e-05, 1.14538e-05, 2.76082e-05, 1.23041e-05 
6396, 2, -1, 1, 40, -0.000116465, 0.000176406, -8.52774e-05, 0.000340241, 0.000123631, 0.000100516, 8.26221e-06, 1.15428e-05, -2.79109e-05, 1.24402e-05 
6396, 3, -1, 1, 40, -5.70038e-05, 0.000169229, -7.07018e-06, 0.000350871, 7.21256e-05, 0.000100436, 5.65624e-06, 1.15343e-05, 1.06633e-05, 1.25745e-05 
6396, 4, -1, 1, 40, -1.00487e-06, 0.000122511, 5.94835e-05, 0.000259121, -5.9407e-06, 7.391e-05, -8.88704e-08, 8.38475e-06, -9.79439e-06, 9.28799e-06 
6398, 0, 1, 1, 40, 4.52787e-05, 0.00024448, -0.000604297, 0.000641388, -0.000116534, 0.000153427, -4.08998e-06, 1.79169e-05, 7.76965e-06, 1.8992e-05 
6399, 0, 1, 1, 40, 0.000138076, 0.000165485, -0.000672494, 0.000480506, 4.40119e-05, 9.65357e-05, -5.33146e-06, 1.24008e-05, -4.92859e-06, 1.16895e-05 
6399, 1, 1, 1, 40, 5.17532e-05, 0.000153447, 0.000113884, 0.000431867, -5.33599e-06, 0.000102518, -1.81871e-05, 9.82701e-06, -1.38958e-05, 1.13118e-05 
6399, 2, 1, 1, 40, 0.000120369, 0.000198713, -0.0002872, 0.000432456, -0.000111776, 0.0001074, -9.03071e-06, 1.25955e-05, 9.38651e-06, 1.2309e-05 
6399, 3, 1, 1, 40, 0.000139765, 0.000146003, 0.000662849, 0.000325421, 0.000119069, 0.000107525, 7.90186e-07, 9.40668e-06, 1.37984e-05, 1.11145e-05 
6399, 4, 1, 1, 40, 0.000101748, 0.000138522, -0.000104818, 0.000330378, -4.58545e-05, 0.000110307, -1.52457e-05, 1.04501e-05, -4.01994e-06, 1.16359e-05 
6399, 5, 1, 1, 40, -0.00014058, 0.000139441, 3.3692e-05, 0.000329018, 0.000271927, 0.000101185, -1.85282e-06, 9.84787e-06, -1.63877e-05, 1.12675e-05 
6400, 0, 1, 1, 40, 0.000150379, 0.000148865, -0.000230263, 0.000412255, -7.90279e-05, 0.000112587, 6.0119e-06, 9.88877e-06, 5.17934e-06, 1.18354e-05 
6400, 1, 1, 1, 40, -6.22268e-05, 0.000156565, -0.00101846, 0.000468093, -7.03297e-05, 0.000112387, -5.94805e-06, 1.0683e-05, 1.07244e-05, 1.22963e-05 
6400, 2, 1, 1, 40, -0.000167225, 0.000150906, 0.000404991, 0.000403716, 6.23974e-05, 0.000106873, 2.18708e-05, 9.75403e-06, 1.77538e-06, 1.19001e-05 
6400, 3, 1, 1, 40, 0.000208989, 0.00015185, 0.00013278, 0.000342779, -0.00011655, 0.000105216, 6.03443e-06, 9.97907e-06, 3.72896e-06, 1.18818e-05 
6400, 4, 1, 1, 40, -0.000127162, 0.000121685, -0.000178826, 0.000264925, 6.68152e-05, 8.66022e-05, 9.77259e-06, 7.82396e-06, 8.94642e-06, 9.17773e-06 
6401, 0, -1, 1, 40, -8.9198e-05, 0.000176062, -0.000100003, 0.000357905, 8.57748e-06, 0.000106923, -2.57629e-07, 1.34591e-05, 4.76693e-06, 1.26028e-05 
6401, 1, -1, 1, 40, 0.000130773, 0.000173035, -0.000115541, 0.000341664, -0.000104285, 0.000106186, -2.15244e-05, 1.27536e-05, 1.06846e-05, 1.17944e-05 
6401, 2, -1, 1, 40, 0.000117779, 0.000151265, 1.41815e-05, 0.000331097, 0.00015506, 0.000107871, 4.75e-06, 1.25479e-05, -5.02708e-06, 1.17183e-05 
6401, 3, -1, 1, 40, -3.3013e-05, 0.000161969, 8.43415e-05, 0.000380886, 6.43909e-05, 0.000104421, -1.22328e-05, 1.33341e-05, -1.05367e-05, 1.25503e-05 
6401, 4, -1, 1, 40, 0.000103994, 0.000149965, 0.000248407, 0.000342947, 4.8956e-05, 0.000115071, -2.05261e-05, 1.29422e-05, -6.6777e-06, 1.22896e-05 
6401, 5, -1, 1, 40, 2.18724e-05, 0.000124504, 9.49477e-05, 0.000297018, -3.86941e-05, 9.20374e-05, 1.96946e-05, 9.54691e-06, -2.52191e-06, 1.02679e-05 
6402, 0, -1, 1, 40, -4.15957e-05, 0.000149031, -0.000714417, 0.000346998, -0.000258058, 0.000109598, 1.05736e-05, 9.97425e-06, 1.41004e-05, 1.19283e-05 
6402, 1, -1, 1, 40, -0.000262899, 0.000153177, 5.13191e-05, 0.000335078, -9.64936e-05, 0.000110457, 1.02372e-05, 9.42472e-06, -1.08095e-05, 1.15679e-05 
6402, 2, -1, 1, 40, -2.17176e-05, 0.00016626, -0.000410142, 0.000371056, -1.58282e-05, 0.000110109, -2.33651e-06, 1.04586e-05, 2.04227e-05, 1.23369e-05 
6402, 3, -1, 1, 40, -0.000214717, 0.000159755, -0.000304591, 0.000360791, 9.68309e-05, 0.000107035, 2.22496e-05, 1.02155e-05, -9.16785e-06, 1.21487e-05 
6402, 4, -1, 1, 40, -7.21058e-06, 0.000157816, -0.000291843, 0.00033407, -0.000102997, 0.00011034, -1.36097e-05, 1.00922e-05, -4.61831e-06, 1.23011e-05 
6403, 0, 1, 1, 40, -0.000111542, 0.000163319, -0.000192682, 0.000329514, 4.53582e-05, 0.000106048, 2.23682e-06, 1.00358e-05, 1.28933e-06, 1.23105e-05 
6403, 1, 1, 1, 40, 0.00017202, 0.000156433, -0.000288737, 0.000342624, -1.65471e-05, 0.00010883, -1.19739e-05, 9.18363e-06, 6.22751e-07, 1.19189e-05 
6403, 2, 1, 1, 40, 0.000264673, 0.000157361, 0.000317214, 0.000357012, 5.41833e-05, 0.000105723, -1.8162e-05, 9.81526e-06, -1.4808e-05, 1.21136e-05 
6403, 3, 1, 1, 40, -0.000224594, 0.000157645, -0.000204898, 0.000341322, 5.72339e-05, 0.00010624, 1.29844e-05, 9.11755e-06, 1.418e-05, 1.17978e-05 
6403, 4, 1, 1, 40, 0.000101348, 0.000127897, 3.35752e-05, 0.000242273, -9.13729e-05, 8.54411e-05, -5.95166e-06, 7.54517e-06, -3.6672e-06, 9.69213e-06 
6404, 0, 1, 1, 40, -0.000215521, 0.000148672, -0.000725129, 0.000307483, -1.02279e-05, 0.000106106, 1.36806e-06, 8.73951e-06, -1.42532e-05, 1.14647e-05 
6404, 1, 1, 1, 40, -2.53448e-05, 0.000169748, 2.98756e-05, 0.000333271, 1.88379e-05, 0.000105268, -7.36738e-08, 1.02346e-05, -3.19791e-06, 1.23784e-05 
6404, 2, 1, 1, 40, -0.000175449, 0.000164021, -0.000617801, 0.000404584, -6.80882e-05, 0.000115265, -1.90602e-06, 9.0846e-06, 1.71159e-06, 1.21823e-05 
6404, 3, 1, 1, 40, -4.0822e-06, 0.000160056, -0.000307354, 0.000353389, -0.000121559, 0.000113012, -1.75949e-06, 9.02193e-06, 1.84851e-05, 1.20434e-05 
6404, 4, 1, 1, 40, -0.000115731, 0.000119537, 0.000117829, 0.000240176, -6.26517e-06, 7.8327e-05, 1.72666e-06, 6.99823e-06, 1.12844e-05, 8.86476e-06 
6344, 0, -1, 1, 48, 5.54822e-05, 0.000148261, -3.56029e-05, 0.000410561, 0.000119911, 0.000108418, -1.05886e-05, 9.25232e-06, -9.66985e-06, 1.14682e-05 
6344, 1, -1, 1, 48, 0.000214041, 0.000148669, 0.000543568, 0.000415517, 1.09974e-05, 0.000101248, -7.21863e-06, 9.08576e-06, 2.04719e-06, 1.12585e-05 
6344, 2, -1, 1, 48, 0.00021955, 0.00015737, 0.000194304, 0.000430444, -6.06334e-05, 0.00010201, -2.144e-05, 9.71928e-06, 1.58869e-07, 1.14031e-05 
6344, 3, -1, 1, 48, 4.96117e-05, 0.000161405, 0.000553601, 0.000446479, 0.000112193, 0.000106266, 7.1095e-06, 9.85984e-06, -2.45284e-05, 1.12066e-05 
6344, 4, -1, 1, 48, 0.000196363, 0.000145581, -1.6179e-05, 0.000414536, 4.02747e-05, 9.57692e-05, -9.17086e-06, 8.82074e-06, -2.35288e-06, 1.05631e-05 
6345, 0, -1, 1, 48, -0.000139537, 0.000147041, -0.000423585, 0.000453695, -9.32647e-05, 0.000104912, -6.57137e-06, 9.37242e-06, 3.5062e-06, 1.14276e-05 
6345, 1, -1, 1, 48, 7.97798e-05, 0.000143198, -5.47422e-05, 0.000435537, 9.27585e-07, 0.000102899, 5.33705e-06, 9.19972e-06, -6.07969e-06, 1.14578e-05 
6345, 2, -1, 1, 48, 0.000319524, 0.000156466, -7.97129e-05, 0.000446695, 2.46413e-05, 0.000104991, -1.89067e-05, 9.92505e-06, -4.96067e-06, 1.11877e-05 
6345, 3, -1, 1, 48, 3.78391e-05, 0.000117839, 7.35733e-05, 0.000341108, 5.11325e-05, 8.45924e-05, -3.54593e-06, 7.79069e-06, 6.9467e-06, 9.41797e-06 
6346, 0, 1, 1, 48, -2.55226e-05, 0.000159366, 0.000326617, 0.000426613, 0.000117394, 9.8244e-05, -7.4125e-06, 1.05336e-05, 9.00948e-06, 1.09944e-05 
6346, 1, 1, 1, 48, 0.000323115, 0.000153962, -0.000240822, 0.000431159, -9.76063e-06, 0.000109438, -1.02186e-05, 1.03368e-05, 8.31133e-06, 1.16184e-05 
6346, 2, 1, 1, 48, -0.000127102, 0.000164443, -0.000296878, 0.000432687, -4.52084e-07, 0.000106266, 5.98493e-06, 1.06911e-05, 7.0805e-06, 1.12961e-05 
6346, 3, 1, 1, 48, -5.53924e-05, 0.000148314, -0.000405061, 0.000423555, -0.000162522, 0.00010091, 6.35189e-06, 9.82406e-06, -1.35524e-06, 1.09071e-05 
6346, 4, 1, 1, 48, 0.000184961, 0.000129849, 3.78104e-05, 0.000370284, 5.46489e-06, 8.8099e-05, -4.92803e-06, 8.71819e-06, -4.0806e-07, 9.28455e-06 
6347, 0, 1, 1, 48, -0.000361443, 0.000152358, 5.29939e-05, 0.000413011, 2.46824e-05, 0.000103223, 8.6765e-06, 9.67369e-06, 1.16977e-05, 1.13305e-05 
6347, 1, 1, 1, 48, -0.000157705, 0.000158497, -4.91383e-07, 0.000427249, 1.66237e-05, 0.000108046, 1.74827e-05, 9.97152e-06, 3.40352e-06, 1.12125e-05 
6347, 2, 1, 1, 48, 2.53421e-05, 0.000156272, 0.000455115, 0.000410504, 0.000215821, 0.000102544, -1.38953e-05, 9.55643e-06, -4.3789e-06, 1.12092e-05 
6347, 3, 1, 1, 48, 0.000144675, 0.000162139, -0.000165618, 0.00042719, -7.20594e-05, 0.000104739, 2.93255e-06, 9.88146e-06, 1.96077e-05, 1.1042e-05 
6347, 4, 1, 1, 48, 0.000259664, 0.000152223, -0.000290147, 0.000403994, 4.93178e-05, 9.88578e-05, -1.32889e-06, 9.37291e-06, -1.4807e-05, 1.1126e-05 
6347, 5, 1, 1, 48, -0.000264269, 0.000118018, -0.00018559, 0.000327711, -9.93084e-05, 7.97641e-05, 8.61715e-06, 7.56423e-06, 1.47919e-05, 8.40673e-06 
6348, 0, 1, 1, 48, 0.000119863, 0.000118429, -0.000264807, 0.000304467, -2.18561e-05, 8.10905e-05, -9.09666e-06, 7.40247e-06, 4.23741e-06, 8.7917e-06 
6354, 0, -1, 1, 48, 1.66573e-05, 0.000143888, 0.000350729, 0.000399689, -1.56122e-05, 0.00010284, -8.74769e-06, 8.86966e-06, -3.26631e-06, 1.11954e-05 
6354, 1, -1, 1, 48, 0.000169477, 0.000159983, -0.000345173, 0.000417496, -2.89919e-05, 0.00010098, -9.91931e-06, 9.32119e-06, -1.30941e-06, 1.11998e-05 
6354, 2, -1, 1, 48, -3.54577e-05, 0.000156066, 0.000518686, 0.000405422, 9.77743e-06, 0.000103254, -3.13685e-08, 8.8392e-06, 2.51963e-07, 1.14713e-05 
6354, 3, -1, 1, 48, -4.52749e-06, 0.00011383, 0.000659312, 0.000299405, 9.63996e-05, 7.68529e-05, -5.03539e-06, 6.45085e-06, -1.42132e-06, 8.44773e-06 
6355, 0, -1, 1, 48, -0.000130687, 0.000173337, 0.000236412, 0.000437452, 3.12627e-05, 0.000103004, 9.79719e-06, 9.29321e-06, -2.04171e-05, 1.15815e-05 
6355, 1, -1, 1, 48, -0.000309294, 0.000156715, 0.000259621, 0.00042354, -1.45866e-05, 0.000103739, 2.1063e-06, 8.83331e-06, 2.94026e-05, 1.19351e-05 
6355, 2, -1, 1, 48, -0.000398892, 0.000165038, 0.000586849, 0.000438375, 0.000116428, 0.000101601, 1.94649e-05, 9.09333e-06, -1.35897e-05, 1.13168e-05 
6355, 3, -1, 1, 48, -2.41568e-05, 0.000121131, -0.000349015, 0.000335446, -9.11446e-05, 8.03614e-05, 1.50034e-06, 7.0654e-06, 7.52009e-06, 9.17719e-06 
6356, 0, 1, 1, 48, -5.19411e-05, 0.000153478, -0.000838166, 0.000422474, -0.000194603, 0.00010219, -2.78873e-06, 9.01235e-06, 1.34961e-05, 1.14503e-05 
6356, 1, 1, 1, 48, -3.35835e-05, 0.000143134, 7.99747e-05, 0.000405787, 0.000150767, 9.79147e-05, 7.10689e-06, 8.75853e-06, 3.37559e-06, 1.12369e-05 
6356, 2, 1, 1, 48, 0.00013039, 0.000162378, 8.02154e-05, 0.00043241, -5.02887e-06, 9.92794e-05, -6.96766e-06, 9.43964e-06, -1.30002e-07, 1.09874e-05 
6356, 3, 1, 1, 48, 2.21281e-05, 0.000118018, 0.000133975, 0.000332216, 0.000105746, 7.97802e-05, 2.23784e-06, 7.13193e-06, -1.39787e-05, 8.78401e-06 
6357, 0, 1, 1, 48, 3.50729e-05, 0.00016348, 0.000652247, 0.000426636, 5.93828e-05, 9.80672e-05, -3.81279e-06, 9.39963e-06, -6.98988e-06, 1.08869e-05 
6357, 1, 1, 1, 48, 1.1945e-05, 0.000157895, 0.00048975, 0.000403816, -1.02822e-06, 9.47682e-05, -1.19029e-05, 8.68422e-06, -2.89215e-06, 1.08629e-05 
6357, 2, 1, 1, 48, -6.3444e-05, 0.000153826, -4.33485e-05, 0.000429051, 2.22008e-05, 9.61315e-05, 1.98844e-06, 8.94332e-06, 4.73998e-06, 1.08117e-05 
6357, 3, 1, 1, 48, -5.20374e-05, 0.000117072, -0.00020455, 0.00030418, -0.000101155, 7.0833e-05, 6.08364e-06, 6.5875e-06, 1.67062e-05, 8.355e-06 
6380, 0, -1, 1, 48, 2.4334e-05, 0.000159464, -3.13297e-05, 0.000428485, -0.000160418, 0.000107756, -6.51621e-06, 9.04376e-06, 5.48582e-06, 1.20161e-05 
6380, 1, -1, 1, 48, -4.0631e-08, 0.000153972, 0.000451929, 0.000417468, -5.2083e-06, 0.00010616, -6.75443e-06, 8.74293e-06, 7.96474e-06, 1.18323e-05 
6380, 2, -1, 1, 48, -0.000117288, 0.000139497, -0.000339759, 0.000413418, 3.71946e-05, 0.000106139, 1.23801e-05, 8.79092e-06, 3.49958e-06, 1.20343e-05 
6380, 3, -1, 1, 48, 5.62635e-05, 0.000155948, 0.000538663, 0.00042564, 2.00514e-05, 0.000107238, -8.18473e-06, 9.44344e-06, 6.80322e-06, 1.19493e-05 
6380, 4, -1, 1, 48, -0.00010501, 0.000146675, -0.000372709, 0.000403349, -2.05782e-05, 0.00010752, 1.83513e-06, 9.10643e-06, 8.30246e-06, 1.18661e-05 
6380, 5, -1, 1, 48, -7.82052e-06, 0.000153746, -0.000467643, 0.0004349, -9.01311e-05, 0.00010845, 1.28256e-05, 9.05786e-06, -6.42833e-06, 1.19994e-05 
6380, 6, -1, 1, 48, -0.000262089, 0.00010619, -0.00067231, 0.000328968, 0.000135218, 8.51748e-05, 1.72301e-05, 6.82178e-06, -9.91194e-06, 9.50177e-06 
6381, 0, -1, 1, 48, -0.00016741, 0.000149442, 0.000125536, 0.000451511, -3.64512e-05, 0.000112638, 9.09555e-06, 9.16569e-06, 5.2839e-06, 1.21888e-05 
6381, 1, -1, 1, 48, -9.18416e-05, 0.000138678, 0.000508956, 0.000427597, -4.00042e-05, 0.000107049, 1.56676e-05, 8.64838e-06, -9.72667e-06, 1.20077e-05 
6381, 2, -1, 1, 48, 0.000283018, 0.000175091, 0.000129664, 0.000448226, -0.000134816, 0.000113135, 4.12706e-06, 9.63861e-06, 1.72257e-05, 1.23828e-05 
6381, 3, -1, 1, 48, 8.57063e-05, 0.000165153, -0.00016352, 0.000443232, 9.72722e-05, 0.000111119, -6.36604e-06, 1.06273e-05, -1.12691e-05, 1.22801e-05 
6381, 4, -1, 1, 48, -7.13543e-05, 0.000121359, -0.000104676, 0.000310335, -8.31445e-05, 8.06422e-05, 3.28509e-06, 7.30796e-06, -2.47173e-06, 9.12105e-06 
6382, 0, -1, 1, 48, 0.000203203, 0.000158591, 0.000296198, 0.000422996, -0.000120501, 0.000112062, -1.02657e-05, 9.95441e-06, 2.46432e-06, 1.26057e-05 
6382, 1, -1, 1, 48, -0.000149851, 0.00017156, 0.00101328, 0.000447061, 0.000143328, 0.000118489, 4.93603e-06, 1.0002e-05, -1.71535e-05, 1.31141e-05 
6382, 2, -1, 1, 48, -6.66485e-05, 0.000151253, 6.27523e-05, 0.00041964, -0.000121327, 0.00011122, 5.89536e-06, 9.93933e-06, 1.50088e-06, 1.25075e-05 
6382, 3, -1, 1, 48, 6.70391e-05, 0.000158344, -4.80821e-05, 0.000445817, 0.00012843, 0.000109753, 2.96168e-06, 9.45889e-06, -2.16906e-05, 1.25096e-05 
6382, 4, -1, 1, 48, 0.000186946, 0.000120821, -0.000201288, 0.000319512, 0.000111006, 8.23407e-05, -6.13198e-06, 6.97225e-06, -1.05046e-05, 9.21303e-06 
6383, 0, 1, 1, 48, 0.00025614, 0.000150927, 0.00059778, 0.000426857, -2.95482e-05, 0.000107836, -4.06414e-06, 1.28877e-05, -1.12553e-05, 1.27602e-05 
6383, 1, 1, 1, 48, -0.000235041, 0.000170088, -0.000112015, 0.000465932, 7.79526e-05, 0.000116752, 1.03975e-05, 1.39165e-05, -1.89294e-05, 1.342e-05 
6383, 2, 1, 1, 48, -0.000321401, 0.000171376, 0.00062117, 0.000421924, -5.28685e-05, 0.000108272, 6.30764e-07, 1.30692e-05, 3.78127e-06, 1.29114e-05 
6383, 3, 1, 1, 48, -0.000288442, 0.000167945, -3.49132e-05, 0.0003609, 0.000156158, 0.000109483, 1.96509e-05, 1.103e-05, 3.31473e-06, 1.26479e-05 
6383, 4, 1, 1, 48, 5.69682e-05, 0.000153384, -0.000431948, 0.000338631, -0.000211541, 0.000105287, 2.29154e-06, 1.07124e-05, 6.11419e-06, 1.24709e-05 
6383, 5, 1, 1, 48, 5.85961e-05, 0.000164743, 0.000260573, 0.000351012, -8.30315e-05, 0.000110854, 8.75411e-06, 1.43893e-05, 1.45853e-06, 1.30045e-05 
6383, 6, 1, 1, 48, 6.20204e-05, 0.000133323, -0.000231523, 0.000292751, -2.25546e-05, 9.36769e-05, 1.58494e-06, 1.08236e-05, -7.16387e-06, 1.07394e-05 
6384, 0, 1, 1, 48, -0.000153093, 0.000158749, 0.000390794, 0.000351702, -3.07628e-05, 0.000107923, 1.91502e-06, 1.51383e-05, 1.22551e-05, 1.2953e-05 
6384, 1, 1, 1, 48, -0.000199084, 0.000171074, -0.000382021, 0.000377151, 3.58284e-05, 0.000109952, 2.41317e-05, 1.46383e-05, -3.77701e-06, 1.26889e-05 
6384, 2, 1, 1, 48, -0.000122521, 0.000152968, 7.73386e-05, 0.000371376, -2.98772e-05, 0.000108888, -7.06864e-07, 1.33236e-05, -1.26609e-05, 1.28463e-05 
6384, 3, 1, 1, 48, -0.000201879, 0.000168309, 9.36613e-05, 0.000377322, -7.74392e-05, 0.000108358, 7.54859e-06, 1.11814e-05, 5.62123e-06, 1.29158e-05 
6384, 4, 1, 1, 48, -0.000237879, 0.000150755, -0.000298091, 0.000362855, 3.04727e-05, 0.000110265, 8.5688e-06, 9.1075e-06, -6.71595e-06, 1.24082e-05 
6384, 5, 1, 1, 48, 0.000203016, 0.000150164, -0.000503899, 0.000363364, 5.77e-05, 0.000105741, 5.14833e-06, 9.06552e-06, 5.31146e-07, 1.24285e-05 
6384, 6, 1, 1, 48, -4.07476e-05, 0.000123486, 0.000165672, 0.000261269, -1.34323e-05, 7.97512e-05, -5.17838e-06, 6.76805e-06, 8.70015e-06, 9.15361e-06 
6385, 0, 1, 1, 48, -2.3483e-05, 0.000169535, 0.000232025, 0.00036673, 0.000154028, 0.000107344, -1.13529e-05, 1.07708e-05, -1.28423e-05, 1.24097e-05 
6385, 1, 1, 1, 48, 3.14865e-05, 0.000151654, -8.97608e-05, 0.000338243, -0.00024565, 0.000104796, -1.19506e-05, 1.02704e-05, 2.38655e-05, 1.24048e-05 
6385, 2, 1, 1, 48, -0.000113933, 0.000120835, 0.000589136, 0.000260488, -1.21914e-05, 7.86007e-05, -3.71668e-06, 7.898e-06, 9.29261e-06, 9.2512e-06 
6405, 0, 1, 1, 48, -5.83475e-05, 0.000154267, 3.87578e-06, 0.000322195, 3.27597e-05, 9.47589e-05, -2.67653e-07, 1.0188e-05, -9.55357e-06, 1.18339e-05 
6406, 0, 1, 1, 48, -0.000134188, 0.000161813, -0.000238964, 0.000313356, -6.27367e-05, 0.000103554, 6.4202e-06, 1.04921e-05, -2.72016e-05, 1.27614e-05 
6406, 1, 1, 1, 48, -5.70962e-05, 0.000164056, -0.000215435, 0.000315128, -7.81329e-05, 0.000101799, 3.56762e-06, 1.08746e-05, 2.48763e-05, 1.29961e-05 
6406, 2, 1, 1, 48, 0.000259856, 0.000169198, 3.8892e-05, 0.000326397, -2.7331e-05, 0.000100011, -9.15431e-06, 1.10866e-05, 1.26218e-06, 1.26449e-05 
6406, 3, 1, 1, 48, 0.00010191, 0.000122655, -6.52365e-05, 0.000249208, -9.30317e-05, 7.99596e-05, -7.74874e-06, 8.31636e-06, -4.23219e-06, 9.94129e-06 
6407, 0, -1, 1, 48, -0.000428821, 0.000161278, 0.000405376, 0.000307871, -2.46108e-05, 0.000109818, 7.1007e-06, 1.07074e-05, 1.08389e-06, 1.34727e-05 
6407, 1, -1, 1, 48, 4.0495e-05, 0.000161656, 0.000465698, 0.000300318, 7.60821e-05, 0.000102375, 6.12025e-07, 1.06807e-05, 9.96941e-07, 1.26952e-05 
6407, 2, -1, 1, 48, -1.87954e-05, 0.000162935, -9.58712e-05, 0.000298789, -0.000129166, 0.000102539, 5.30106e-07, 1.07224e-05, -7.81047e-06, 1.27458e-05 
6407, 3, -1, 1, 48, 0.000236305, 0.000162918, 9.65636e-05, 0.000329059, -0.000185823, 0.000102205, -1.80153e-05, 1.14009e-05, 2.41505e-05, 1.28467e-05 
6407, 4, -1, 1, 48, -1.69745e-05, 0.000154073, 0.000316828, 0.000316892, -0.000203057, 0.00010304, -7.44138e-06, 1.05133e-05, 1.78069e-05, 1.27304e-05 
6407, 5, -1, 1, 48, -6.74367e-05, 0.000127027, 0.000211907, 0.000250615, 0.000127543, 8.44204e-05, 9.23237e-06, 8.41494e-06, -1.41679e-05, 1.0414e-05 
6408, 0, -1, 1, 48, -0.000138651, 0.000157054, 0.000465881, 0.000312142, -2.1045e-05, 0.000103789, 4.12865e-07, 1.02808e-05, 9.2607e-06, 1.26491e-05 
6408, 1, -1, 1, 48, -2.55307e-05, 0.00014352, 8.22587e-05, 0.00027236, 9.70542e-05, 9.24275e-05, -1.81736e-06, 9.32185e-06, 5.32341e-06, 1.13391e-05 
6359, 0, 1, 1, Carbon, -9.8467e-05, 0.000159529, -0.000338882, 0.000436166, 0.000137553, 9.23708e-05, -9.86928e-07, 9.45968e-06, -9.73052e-06, 1.03876e-05 
6359, 1, 1, 1, Carbon, -6.64457e-05, 0.000115803, -0.000160871, 0.000303426, 4.04439e-05, 6.64868e-05, 5.0128e-06, 6.60816e-06, -1.10839e-05, 7.69755e-06 
6360, 0, 1, 1, Carbon, -5.98836e-05, 0.000152982, 0.000218934, 0.000425345, 2.98262e-05, 9.16806e-05, 7.95671e-06, 9.14612e-06, -1.27143e-05, 1.07924e-05 
6360, 1, 1, 1, Carbon, 8.41695e-05, 0.000162406, -2.90269e-05, 0.000409487, 9.83822e-05, 9.28312e-05, -8.42988e-06, 9.57415e-06, 1.26716e-05, 1.09404e-05 
6360, 2, 1, 1, Carbon, -3.12739e-05, 0.000167847, 0.000808002, 0.000406387, -2.16012e-05, 9.11651e-05, 1.02303e-06, 9.61921e-06, 5.51096e-06, 1.09604e-05 
6360, 3, 1, 1, Carbon, 1.76008e-05, 0.000115199, 0.000154684, 0.000300519, -3.85022e-06, 6.69931e-05, 1.27984e-06, 7.97819e-06, 1.14195e-05, 7.83169e-06 
6361, 0, -1, 1, Carbon, -0.000161057, 0.00016293, 0.000130649, 0.000439421, -5.24551e-05, 9.44542e-05, 1.66982e-06, 9.48931e-06, 2.08631e-06, 1.08304e-05 
6361, 1, -1, 1, Carbon, 0.000312605, 0.00015647, 0.000509412, 0.000411813, 9.03931e-05, 9.39205e-05, -1.60438e-05, 9.04004e-06, -2.41268e-05, 1.08721e-05 
6361, 2, -1, 1, Carbon, 8.3668e-05, 0.000163074, 0.000503525, 0.000439522, 4.57753e-05, 9.61779e-05, -1.83562e-06, 9.43678e-06, 2.64312e-06, 1.06838e-05 
6361, 3, -1, 1, Carbon, -0.000133869, 0.000133062, 0.0006116, 0.000365029, 0.000128964, 8.2809e-05, -1.03706e-05, 7.90836e-06, -1.03602e-05, 9.49615e-06 
6362, 0, -1, 1, Carbon, 0.000157478, 0.000176665, -0.000574102, 0.000446036, -7.1238e-05, 9.49077e-05, -7.88933e-06, 9.48149e-06, 3.95803e-06, 1.06453e-05 
6362, 1, -1, 1, Carbon, -0.000151685, 0.000168564, -0.000442637, 0.000412368, 1.98617e-05, 9.5631e-05, -2.32431e-06, 9.0574e-06, 4.61503e-06, 1.12502e-05 
6362, 2, -1, 1, Carbon, -7.07682e-05, 0.000161769, -0.000359178, 0.000435148, 5.95018e-06, 9.57668e-05, -1.24523e-05, 9.5322e-06, 1.116e-05, 1.07958e-05 
6362, 3, -1, 1, Carbon, 6.08707e-05, 0.000160262, 0.000205561, 0.000396274, 8.6372e-05, 9.55203e-05, 6.84327e-07, 9.25316e-06, 1.19036e-05, 1.10398e-05 
6362, 4, -1, 1, Carbon, 0.000227361, 0.000163363, -0.000161872, 0.000434893, 5.71662e-05, 9.60566e-05, -1.96264e-05, 9.26581e-06, 1.26001e-06, 1.06967e-05 
6362, 5, -1, 1, Carbon, 5.43701e-05, 0.000128539, 0.00015877, 0.000338365, -2.36422e-05, 7.87424e-05, 8.30555e-06, 7.51146e-06, 1.48227e-05, 9.04665e-06 
6363, 0, -1, 1, Carbon, 0.000209209, 0.000166728, 8.09436e-05, 0.000438456, 3.3351e-05, 9.56221e-05, -2.61131e-06, 9.80622e-06, -7.58169e-06, 1.08875e-05 
6363, 1, -1, 1, Carbon, -3.99813e-05, 0.000139468, -0.00012516, 0.000374326, -0.000109329, 9.04034e-05, -4.10575e-06, 8.39554e-06, 4.22329e-06, 1.02627e-05 
6386, 0, 1, 1, Carbon, -0.000279588, 0.000176522, 0.000329702, 0.000367561, 4.30463e-05, 0.000109109, 1.87041e-05, 9.53157e-06, 8.07719e-06, 1.23721e-05 
6386, 1, 1, 1, Carbon, 1.47492e-06, 0.000157437, 0.000345971, 0.000342562, 1.43208e-06, 0.000104209, 1.4788e-05, 8.91954e-06, 7.83541e-06, 1.23301e-05 
6386, 2, 1, 1, Carbon, 0.000219184, 0.000170026, -0.000296335, 0.000367989, 0.000110171, 0.000106526, -4.94731e-06, 9.28398e-06, -8.90033e-06, 1.23878e-05 
6386, 3, 1, 1, Carbon, 3.78695e-05, 0.000114979, -0.00023985, 0.000279376, 4.77226e-05, 8.27557e-05, -1.03745e-06, 7.05955e-06, -1.65293e-05, 9.60219e-06 
6387, 0, 1, 1, Carbon, 3.19486e-05, 0.000166052, 0.000541527, 0.00037402, -0.000102535, 0.000108269, -1.89621e-06, 9.24587e-06, 3.96448e-06, 1.24598e-05 
6387, 1, 1, 1, Carbon, 0.000208511, 0.000156446, -0.000536475, 0.000345228, -0.000122886, 0.000106473, -4.89045e-07, 9.05119e-06, 1.35167e-05, 1.21459e-05 
6387, 2, 1, 1, Carbon, -0.000229702, 0.000168897, 0.000242993, 0.00037834, 6.62718e-05, 0.000110064, 5.83284e-06, 9.63074e-06, 3.94371e-06, 1.22563e-05 
6387, 3, 1, 1, Carbon, 2.63374e-05, 0.000123878, -0.000289472, 0.000275249, 7.74293e-05, 8.28881e-05, 1.25969e-05, 7.12068e-06, -2.55303e-06, 9.73632e-06 
6388, 0, 1, 1, Carbon, 1.72692e-05, 0.000171188, -0.000435324, 0.000378638, -0.000159481, 0.000108044, 1.14788e-06, 9.39273e-06, -5.06171e-06, 1.23552e-05 
6388, 1, 1, 1, Carbon, -0.00015971, 0.000121211, -0.00031064, 0.000269758, -3.97328e-06, 8.0263e-05, 1.38133e-05, 6.72861e-06, -2.5871e-06, 9.20777e-06 
6389, 0, -1, 1, Carbon, 0.000249222, 0.000154541, 0.000349804, 0.000364948, -1.80634e-05, 0.000106246, 5.6497e-06, 9.84213e-06, -8.9203e-06, 1.23073e-05 
6389, 1, -1, 1, Carbon, -4.73089e-05, 0.000157526, -0.000207559, 0.000364926, -3.3029e-05, 0.000106333, -8.14933e-06, 9.1145e-06, 1.38056e-06, 1.21743e-05 
6389, 2, -1, 1, Carbon, 0.000147586, 0.00011682, 8.16648e-05, 0.000262212, -2.42437e-05, 7.65571e-05, -1.76011e-05, 6.63052e-06, 8.60719e-06, 8.92044e-06 
6390, 0, -1, 1, Carbon, -7.72011e-05, 0.000149715, -0.000262584, 0.000335683, 5.46008e-05, 0.000102167, 4.76102e-06, 8.90188e-06, -8.47177e-06, 1.19485e-05 
6390, 1, -1, 1, Carbon, -0.000125852, 0.000180406, -0.000228069, 0.000368848, 0.000185497, 0.000104205, -5.10914e-06, 1.13921e-05, -1.09218e-05, 1.2212e-05 
6390, 2, -1, 1, Carbon, 0.000177057, 0.000123136, -0.000319159, 0.000259789, -5.73853e-06, 7.94935e-05, -9.22823e-06, 7.19349e-06, -1.57618e-05, 9.26875e-06 
6391, 0, -1, 1, Carbon, 2.94607e-05, 0.000148441, 0.000208116, 0.000360716, 3.35302e-05, 0.000107942, 6.17475e-06, 9.7883e-06, 1.50063e-06, 1.22886e-05 
6391, 1, -1, 1, Carbon, -4.95181e-05, 0.000164073, -0.000133016, 0.000379034, 4.52622e-05, 0.000104896, -1.97069e-06, 9.4182e-06, -5.15016e-07, 1.20132e-05 
6391, 2, -1, 1, Carbon, 4.68022e-05, 0.000148219, -8.29407e-05, 0.000350678, 6.88229e-05, 0.000105497, -1.38429e-06, 8.7323e-06, -1.82494e-05, 1.21246e-05 
6391, 3, -1, 1, Carbon, -8.51406e-05, 0.000154209, 3.05483e-05, 0.000345428, -0.000113512, 0.000102991, -1.01148e-06, 9.72198e-06, -7.00479e-06, 1.22514e-05 
